6399
5238
93210
6647
667
55777
10297
84879
10715
8575
3930
51715
4537
8291
8813
5165
22909
4728
11023
154288
23086
11274
9829
2187
3939
2137
2784
23414
57477
174
714
112476
254394
375298
8643
57560
246213
7169
10195
1019
51633
4323
176
4047
1981
175
10134
6515
26353
6452
79753
115286
1716
727857
5406
65057
25788
763
3972
4729
196527
6444
9289
3105
5290
2290
2584
10559
4337
54585
525
2978
5077
7080
6611
6330
4287
526
51124
340533
79600
4214
1548
8671
4758
389827
164045
2074
1029
8985
5009
1041
5982
10616
585
4255
285025
1186
23229
2189
10166
2010
51684
5630
81839
51300
4668
23250
2516
56683
64837
3211
57094
8309
4508
29089
4509
5105
5265
2911
4621
79955
1475
26504
2692
79574
4512
4638
51
54765
4538
2533
84173
4909
100144748
7852
2588
10661
4582
286887
83700
4297
5631
341640
203068
22897
50615
5894
84700
79813
347344
1071
1291
1959
4539
790
1410
56652
10667
26012
5158
2314
2103
8864
60506
78987
65109
6853
2317
55717
55869
55605
9935
3835
958
1738
23562
5479
5774
84225
6550
4921
726
9343
2563
220074
80224
7038
219285
7486
1499
9217
80222
8328
9820
125988
57709
9459
8898
51119
83480
1643
4352
201294
23636
2719
23111
3630
3192
122402
6323
340665
10577
3800
63901
22856
84896
55788
56916
112858
5213
56776
6566
57505
168507
10312
3897
55214
611
147183
10087
2729
8626
1513
203547
331
1278
735
85378
28952
755
55612
8996
11280
79827
1969
10436
92335
374291
4902
472
6598
10324
3030
55249
3914
5625
5373
8239
3783
5184
5949
80184
2821
146862
5568
117144
5645
71
2700
2254
5500
170691
4068
80185
486
55212
6496
8514
23347
6578
5805
731
50674
10265
9990
265
7547
27031
64240
8111
5860
54805
207
1911
4282
6878
8214
10479
84662
51168
150468
4634
24140
2796
22931
2653
81846
5784
5172
51132
51651
6886
10083
6804
39
57187
2892
8722
6097
26525
57222
8036
57165
25802
6557
90121
148738
126410
10695
1203
494513
55505
284119
55800
1427
83452
767
92482
55343
5002
4015
633
51199
55651
5122
4688
10806
340061
8526
29940
4171
5376
9702
25836
11340
53834
274
4594
3284
85366
229
80746
23096
29954
6731
1938
4720
3712
1373
3778
2328
1758
5251
27030
4968
629
10568
2560
4148
131377
123016
5604
6335
2308
1495
6899
1147
51109
6492
5295
55697
54880
9414
4485
3000
123624
2517
1302
5324
10082
152816
644096
4010
55165
284086
5498
23224
4983
24137
4726
150094
6091
5830
10664
51322
29119
344018
72
25821
367
91942
388551
3973
23581
5081
5594
5654
3098
9427
5167
8818
55644
2902
2743
9368
128674
1296
65018
4043
3198
348
22948
55131
63894
223117
34
6125
203
4327
1610
23005
7454
716
84140
4644
5745
2972
80254
9987
6607,6606
50964
4534
9049
54809
79577
401
128989
1030
4967
6608
8492
1789
1687
4593
7381
29920
5456
9775
2776
339829
6476
23090
11133
22891
54790
103
359
4914
7414
8763
9180
4976
2982
8815
1559
55209
10594
57190
3549
6154
55180
63916
2990
4210
9897
5879
2752
25981
1181
163183
51339
6887
26092
2571
89780
85301
540
547
135935
124590
3854
6576
9639
4222
389549
79783
6017
383
2018
1073
57697
2043
26503
6926
144568
25978
3981
55325
57679
79583
8910
841
254065
7390
3569
6911
3490
727
8795
1836
3593
94
2694
27245
2673
1813
8988
375790
2071
80173
545
80207
435
594
55163
6792
253017
2334
3691
1776
7498
131118
166379
27249
9227
7030
84947
9364
8481
405753
579
2774
4089
1140
92579
1861
1811
348980
272
10484
6559
326625
9455
9321
112817
6789
25828
23395
6709
7681
53630
28981
22978
84733
1414
26276
84706
2548
5922
1536
514
146227
939
80776
28962
9382
51324
54443
200205
56997
2033
1896
114902
2027
6567
5771
3483
29078
2624
9652
7200
10283
3850
53947
50
1741
23767
8635
56006
9786
80055
26121
57096
57167
79882
1621
7450
5792
126129
286
4697
7299
1730
56244
342618
57798
79867
2201
55654
699
3856
7252
213
462
23259
122961
5224
92344
7086
443
57534
8216
23165
21
2671
762
9445
2984
79809
51079
1027
3543
1289
1759
5318
3889
55129
6331
5932
2591
866
79087
92749
8029
4694
1490
5261
6102
79053
170302
11160
4233
650
2066
3418
9992
1785
128338
84153
3590
6777
51660
64919
23630
23236
5193
22930
4175
3694
79228
28956
23141
64321
221421
29123
2273
5205
57135
1545
56616
9381
3158
3481
6870
1021
83479
29926
84634
118856
147495
657
3587
9276
170692
1184
79158
658
10699
3767
84701
127534
3756
567
3938
3784
10978
201973
1594
23043
1130
538
389207
8438
387733
356
51621
3892
4292
23732
1277
8419
6307
4338
51135
91252
55780
4627
5048
31
79977
3670
79798
7428
5034
6572
132884
89970
60482
3329
6770
346007
6389
253738
999
411
6794
1807
8086
5624
2896
2657
5468
54539
5149
6548
220296
3949
11093
59341
283375
55280
5345
10229
9487
10749
6507
59067
729
112744
10801
65080
1909
10908
220202
644
208
4744
9516
5190
4929
157657
112802
1075
23169
1297
57724
54187
285590
718
7490
843
5892
9622
4942
1825
9440
2200
84100
5506
9325
4143
107
283489
6718
284098
84317
4750
51305
3920
29978
773
5116
6103
7043
9842
158326
7317
23020
83987
22868
50940
54487
11222
33
10716
473
51244
3853
22854
1528
7297
84059
79092
11154
7051
6866
90
1588
445
5626
4221
3423
2176
6928
142680
6305
3035
1727
10133
57572
4041
23418
55159
6100
120
23426
63895
51364
120227
112752
23394
2036
25886
3178
3764
11107
285440
51151
2733
26119
54583
8074
5091
8974
3984
54977
1288
2038
153241
23325
29899
389856
857
26058
79628
4705
5740
2688
27232
10347
57531
3008
3117
1258
2067
1967
53904
91147
471
56521
23040
158
23028
9241
3097
9563
90167
998
4040
1675
7045
115650
54567
2670
3664
9419
7112
4703
2022
23095
372
10370
55240
7189
55033
1290
113612
54
11178
8106
118429
1026
89891
10157
8777
4784
930
11141
285848
2034
9326
2556
6144
7518
11235
56978
55275
53405
87178
8195
9581
25913
1650
84992
847
3709
9723
1380
57520
10730
7385
5925
9313
8675
9997
6197
7508
54453
84334
54928
5940
27148
55967
1617
10585
26022
38
1193
26128
11149
1200
139411
6736
81494
60528
2335
6774
10319
64132
1581
867
1161
1497
9791
80025
64423
915
7168
440193
3982
145873
23064
23765
345
1409
6651
51002
11234
1906
1352
6575
112755
60386
9084
70
5073
3560
1503
1028
10117
345193
4915
1855
29851
5618
53335
80324
1674
83938
57674
3786
100
421
1837
3717
7290
51567
7018
54894
9896
3832
84282
2218
9839
4920
3689
7026
9790
3860
6901
7436
23189
3640
7474
3592
121340
23534
5885
4654
4715
257
554
54888
845
7010
64218
1890
123606
7516
7277
4763
50814
9742
4653
165918
2979
2070
7132
2710
37
22858
6729
3655
167691
5395
10512
57498
27429
5914
4158
6247
3115
147409
10815
1736
478
1135
58513
339453
3796
51314
2697
26258
28982
8301
133396
57817
55835
4689
116369
151
9531
1286
9215
51626
6326
8869
23432
84665
50484
2668
136647
3575
3110
3561
64801
3060
5723
4513
65055
7137
79058
3758
25778
57122
440138
6855
6536
10861
79868
23203
10560
2332
80704
79784
7867
9095
285362
6757
29980
396
83854
537
6237
9533
6678
65217
4141
9129
9499
1615
6101
2956
11253
916
5145
9401
3090
3859
1285
1540
1501
362
6868
10907
79188
7849
389434
2162
5106
10058
134218
23384
23370
4535
79042
776
219844
5591
81607
79719
6295
26047
11005
10295
2780
8456
3033
23345
55636
23479
9469
9210
27445
2652
7102
79755
8192
57017
51102
7138
11041
138050
5429
4751
1889
10584
27063
392255
81693
1605
5979
3229
6531
7306
871
8823
4552
5800
7979
3663
84705
217
126792
54507
729920
112
4340
7431
128240
23529
64072
4990
6228
23317
388962
4193
79751
9128
29110
23126
3052
6929
10280
57176
23503
54664
89869
5566
1788
477
595
57338
1763
3872
268
8831
8289
10682
4069
2006
8772
86614
23363
178
2132
10269
9056
6845
29760
6820
5144
146059
113189
51196
7128
355
3703
7401
3371
2652
3887
7167
2554
9409
3551
973
8318
2626
4099
2065
22845
84295
9244
6218
25788
8893
56159
23639
5297
493753
11284
169792
6768
415
25915
259266
23218
8148
83544
222662
6524
4166
6664
2992
8517
2898
8243
197322
8398
9759
6336
7248
7421
64175
25914
54938
10654
79641
5160
51117
2035
596
81887
10461
4719
1956
9636
51185
50511
85440
6657
8878
91574
6392
5959
57688
783
8924
79133
2495
54902
378884
8838
1493
7827
5836
54332
55065
24
79947
4709
3376
1131
5336
6509
8270
282809
57211
10599
140732
64788
9508
1663
286077
27125
1537
23568
338
2690
224
7466
6535
57082
6340
128637
54714
144165
57562
25793
5032
2250
631
4771
8913
410
701
402381
1535
6448
1349
7068
4312
29968
9082
9083
9821
93183
212
1385
4157
5194
1508
5351
7280
91137
2735
389692
5627
388939
79621
4208
55906
6809
844
2819
8462
55624
8803
161582
1834
1636
8863
51164
8092
3736
3690
25977
55210
4001
580
4597
7249
846
7480
202018
4854
3741
9060
7879
8518
51083
5428
84816
259236
49855
282996
3300
375748
1629
63982
6506
197131
79650
51763
2110
220
5420
9966
10342
4853
7841
6595
7403
4643
55679
8891
64840
311
9631
8013
10345
27315
23022
57502
51293
6519
29914
23676
10982
5962
7476
3665
84720
2895
2798
5130
9085
1630
6712
5157
64093
5092
8322
6337
7136
10916
2121
55603
9255
9031
10235
8676
3737
7049
6469
23512
5961
55997
2627
729238
9662
11315
23204
23435
6833
100131801
2771
22917
10940
10681
79823
56172
2812
55768
10262
51761
2693
6620
1954
2583
6521
3094
84466
10771
5230
6499
4088
4618
9378
5644
84668
93426
23516
668
51206
8021
153562
919
5195
2592
51251
26249
79840
54832
25974
2908
79848
55252
3106
64359
785
4760
1471
8565
3181
30817
8799
4149
26277
23129
10021
55109
10586
23424
55130
114548
22
6439
51778
501
7283
91647
4791
89884
6662
51294
2348
889
256764
80821
6949
8742
22934
710
50945
2057
5080
9949
728294
1794
4613
4261
2099
9568
26123
54968
283417
2243
162417
353238
133686
54800
84314
128178
2879
55691
8621
1848
23025
5358
6910
2562
123263
1719
9451
258
2239
9640
60509
4598
652
9333
113246
123041
2934
2488
84570
249
11200
713
54941
3614
4056
1462
6309
64221
5396
10144
771
3459
57465
147007
28234
6938
3162
5781
6687
1326
3998
10216
5651
117155
131669
55806
10999
10522
132
54084
721
2013
617
79934
25959
7274
1829
2652
23092
5495
1369
3586
8284
55737
10529
9103
2538
1281
203859
6875
146167
83959
3728
51025
6821
6311
23592
1031
56945
3763
3759
6605
9968
5257
2255
583
1950
8506
9570
83990
6229
5054
7053
9423
342035
80067
1419
242
23495
134430
6324
59335
26227
23175
87
51218
10535
291
60401
200879
1646
8314
57459
54704
57704
84168
4247
57716
54757
3636
79001
91851
10300
200576
920
3426
6041
6491
9782
5696
27019
3953
84233
2969
3913
1962
1604
390594
83715
412
91754
7389
2512
54840
3149
3242
6690
5605
54931
8604
113179
10142
4747
1146
640
29887
5980
5189
3251
6898
23322
5000
89765
825
1822
10002
23594
7468
348938
5519
22953
51095
189
669
80739
3674
60558
4524
1080
26191
246329
81624
8892
5443
9213
9632
55687
4125
84342
4358
6530
7140
140032
7592
8905
4286
23093
80347
2775
5897
65992
3857
6571
1600
6716
7291
201163
3166
23556
1857
79776
7471
3075
23554
91039
444
10159
7007
3858
2266
27329
91869
23065
9439
5293
2582
6892
4437
440435
2811
1103
80208
8242
1584
2146
30062
2622
5296
2322
7424
84515
5156
3921
113235
4212
4841
9131
64116
4478
1134
1591
85478
5314
10111
1639
55703
288
2395
4330
9493
925
4998
8028
51594
8642
2
9928
23299
9319
5354
10491
768206
3455
4704
4647
64857
6689
22866
5446
9378
7555
2324
646960
9342
80199
25
116228
686
9179
727897
22954
1859
112939
60684
124997
81570
79728
3848
54756
4792
55135
3702
147912
788
672
9149
6584
6697
2261
5476
346171
1108
8493
5147
9158
3762
8504
5277
3420
6005
11078
1175
10613
3047
11232
8546
27286
7259
25970
57192
5528
440275
3073
171023
55036
5346
1917
523
2296
6891
1806
2672
5236
23443
2068
9750
4774
54806
1585
6555
2260
3849
6529
4790
570
8945
54344
60
199857
80270
343641
2535
7469
6297
79722
5332
55750
4864
8431
1298
5518
29925
6597
6455
4669
168667
1828
2736
5328
5995
7037
124404
64446
5340
3081
10913
10804
153201
51086
6514
7273
387700
4913
6327
1284
9211
6288
5308
5139
269
10049
1583
6948
50717
59345
26580
9187
2312
1340
1187
4626
8131
60481
1139
79718
92211
55733
2483
6813
4023
730
10892
9817
1292
26610
2165
1641
9517
54919
54361
10273
11231
23438
5825
6885
51204
79258
6913
7133
4091
3818
6334
79876
1144
54112
10555
284058
775
1512
221496
6141
54872
26281
27086
10290
51008
9569
9894
2318
7025
51021
8076
116442
2760
4695
10528
6443
7019
1120
51574
92840
152137
1301
2658
6812
8867
5019
5824
64581
3028
1910
3394
10459
57216
226
4869
2876
2705
26275
51062
79912
100134444
259232
255738
23607
4318
498
199221
5621
25782
10381
2224
51702
79068
284654
79731
2120
9657
7305
64805
865
10020
3643
6785
54949
345895
84300
2313
340024
116461
57492
917
56203
55857
9294
9496
7078
3547
953
2906
5155
6010
116150
120892
3735
9200
6628
6523
604
30009
124093
8726
695
339855
118813
9361
26608
58484
81794
7374
4952
5727
7040
2294
145226
5788
2720
55863
137814
442862,9081
3673
3745
220074
2108
4439
163175
10397
4507
140803
8050
1316
134701
6495
60675
55005
27010
2161
30813
57514
50651
987
931
90678
2706
4070
270
1586
2593
5256
1717
3516
10847
191
3952
92667
10939
2072
7456
4591
2677
7337
546
80169
91949
715
30061
4629
6872
57468
10717
79803
6121
1020
6049
146057
8647
124454
23247
5611
5350
55699
56623
1261
5173
1589
2077
54982
3814
93650
54716
55145
221927
805,808,801
8820
27229
22796
1305
2203
54499
55526
1749
6094
5052
92002
2778
5310
10683
7173
2192
7941
146183
84823
10734
7170
51103
81704
4173
6714
8557
7157
6786
1412
4907
58
3236
84839
126695
7991
81857
2778
8558
55640
7737
51752
7139
54916
8287
7837
64170
64094
7066
23746
51053
55851
5015
3026
55858
9780
5337
2623
2642
3769
11146
6748
5076
3313
2138
2731
57105
7201
11277
10011
22880
5333
5424
4683
63924
11113
2683
3315
4361
7461
55690
3708
55532
400916
5352
57379
2746
5071
6609
23514
55572
1824
1644
1729
6873
55670
4722
3861
4160
114798
6640
7957
3891
5459
7039
9152
3064
6638
6445
9851
55315
79152
10464
2643
2703
121512
126328
3188
823
4519
79651
28976
51082
51308
55215
64421
6204
3990
84529
1908
9627
10516
2664
57511
1761
117531
116519
27152
2799
10149
404672
54808
84189
149233
2492
5538
9015
93587
330
4851
11152
3612
27247
10046
79143
1718
1487
10483
81790
9184
6299
831
492
6888
95681
4436
25794
10128
343035
10013
6399
57107
4724
3155
4254
3239
7994
51057
9150
5602
641
4117
92935
6442
10000
56606
81034
4878
2773
23400
5744
84433
6223
84667
388531
6135
284217
5880
23431
8802
1188
643226
6569
8659
675
5449
7227
3417
54862
148789
1244
7473
3798
9365
26278
2741
6155
6927
613
169522
55120
3070
1001
6834
1804
7707
54658
990
91624
154881
4860
1491
4137
10225
23133
487
6261
80000
8292
4281
1420
894
10293
4540
2109
5575
201595
10641
7704
7314
5831
712
93166
137492
5888
53
129880
286204
7062
4838
57654
5191
157570
5664
899
157680
8120
3675
388389
9885
6341
23327
6908
23417
8942
4035
56262
3431
4692
3912
4803
25939
4635
4548
56947
54463
144811
4072
57158
23545
6424
2130
125336
1299
1649
5592
203286
64241
83550
6011
9663
7253
5950
100288687
55975
2737
4053
9197
2639
7020
57010
3295
55521
1357
79659
11019
81848
136371
7222
84188
55112
811
2253
1293
1750
113278
55755
23334
3040,3039
23451
60495
8200
84146
55812
56983
9426
3875
28960
3299
51360
8792
9394
8220
5095
57055
26137
286053
1029
2916
23389
79631
1009
9688
1183
1476
23118
2271
7504
10841
9573
6653
271
25814
7099
3852
673
1050
65266
219736
779
374393
23321
5075
90268
1282
222546
55172
9037
3988
57038
7351
161497
1441
2158
3291
5339
57104
10309
7153
3479
4004
5580
3791
25839
119559
6165
22891
285489
4481
340990
55764
123872
975
6773
3851
1616
9051
7112
84942
116085
7546
2581
284111
940
6655
7439
5741
1457
23530
4891
55084
11081
197
427
80153
4094
64327
23171
5426
7341
58524
8443
1123
3918
4935
9860
8787
4488
3954
56704
10518
57526
4982
287
3373
326
7048
1421
238
79443
9524
8323
57822
164656
22995
93589
55650
25923
1387
5832
6556
11212
1778
2531
57592
65082
1482
10395
23474
26154
23209
3480
3588
51750
51114
261734
60529
6616
5818
10747
860
79147
221264
9719
161742
8653
130557
55714
8452
10165
84197
3482
8091
2299
58495
7399
8701
9711
2259
7353
23405
185
5216
1947
4311
84062
55811
83552
210
875
6513
1356
5663
5993
55823
88
27068
256471
5921
2475
10846
35
5192
51473
1337
23509
50939
54820
948
3730
3176
2566
51422
79944
3557
286262
9971
4716
100128927
7067
375611
7021
3123
2175
4607
1294
6310
80144
3908
1013
1106
5978
5244
2815
5573
140628
1678
26040
5660
5445
9082
221037
9940
4093
8139
558
5589
959
8925
63932
85476
8313
284403
3043
1053
4487
9247
6016
3910
246243
4054
4306
4313
1690
353
79644
5327
5096
51371
2628
23600
6905
23312
4547
8048
7915
3207
4645
1312
3290
8989
760
9101
732
2235
3748
7319
182
89910
63910
129563
3141
84892
1062
1832
3048
79738
25942
51520
162514
196528
11322
2678
10891
23729
64324
50943
65250
50846
1801
121214
145258
79048
805,808,801
7415
51733
6775
1180
8022
3265
3704
1748
4723
6092
54496
51601
2961
90411
29071
7015
26873
6710
717
79932
50640
6201
3339
6487
344
200894
57128
7292
374654
10472
4595
2177
4256
51604
1311
255758
23522
643418
7287
25885
3172
64388
7042
83696
10369
2903
54345
145173
93627
63925
388753
256297
7054
345643
8450
8912
3975
2052
3659
8540
720,721
5250
2702
6683
26160
36
8822
1723
2303
84984
7535
51098
22861
3757
5889
2629
5378
126326
57582
57539
6231
7276
388552
57570
50937
64135
7373
117581
166785
51741
139212
10102
29929
5587
10758
5269
4038
10413
284252
114034
3122
23261
4867
1121
22943
1141
2188
7036
6674
5317
5241
6239
51317
5621
2937
2159
4633
338917
1798
6390
6473
64087
1756
8710
55157
5728
5859
8754
255928
1235
1500
8915
3977
5648
3594
2304
55034
7046
1145
83932
3425
56052
2539
57057
54551
11330
3679
93233
80781
57217
1438
10367
124583
27089
5422
8600
2147
1760
64699
2707
5826
23193
7345
200403
79083
8556
2245
2122
7275
51128
63976
4901
51776
2178
5313
7204
79587
10194
2625
16
29893
57054
10456
59
653509
3199
54768
10008
6505
3991
3746
4014
5311
60681
5444
4615
4649
26235
1201
4026
1355
81031
57609
56975
84876
11020
11151
9380
8312
56603
85365
100506658
2153
6622
6232
4284
7050
6591
6329
55784
6253
4842
6635
6660
132158
2998
83636
6235
84522
5649
51475
55775
54205
2717
3074
3476
2997
29072
2055
6900
1374
3321
3475
84464
50485
4191
51067
122622
2778
85446
8547
3293
10320
115948
57152
1415
5837
5083
388662
7355
10733
2131
8943
338328
1411
7840
6391
79633
9758
3119
324
5255
55250
7507
4285
9907
5148
10243
10060
1453
10019
8516
84131
7174
1436
22802
2073
50506
4000
80816
2767
1308
83538
374407
9096
25861
529
83605
84061
3845
199713
3766
55149
6795
1063
7700
6890
51010
2549
5063
5162
79791
9526
5915
5264
1417
23230
1593
2263
1280
163786
51816
950
11181
11128
3932
84818
9927
1991
4948
8625
10084
25953
859
10452
149461
127833
339983
65125
7284
6935
5582
1303
50617
1371
147372
9681
166378
6884
54476
337867
1137
59344
3053
493856
5450
11155
8890
79648
6497
85300
8379
6208
7225
1272
90624
8260
2651
5271
7134
95
8085
6342
26005
2059
5053
5146
3508
11136
10617
549
51259
8622
57231
57410
9562
5828
29927
781
8842
81545
3460
51807
84572
7545
8694
774
6528
64127
3145
147138
51524
4868
160418
1767
9731
64377
26229
11236
9757
5913
8425
22852
9895
283989
27130
4604
389421
63929
1406
2184
30008
1300
64220
56246
51134
4882
5119
4541
7072
551
9841
23483
56160
26053
81027
6756
11281
4646
2645
2160
23396
6925
2248
27034
254528
65062
351
5176
2782
79991
3208
10126
23533
9076
966
7258
10161
27316
6904
8241
3815
4204
93986
26090
627
91662
55151
81562
4609
5972
51085
3257
649
55630
9915
593
875
4514
285203
5873
5546
7148
1259
6262
4624
429
51082
9939
3209
2064
10587
4308
3651
1893
114327
23385
653361
5111
285175
151648
3340
488
4536
352909
6138
3617
7084
64802
137682
1892
94137
2660
4322
6338
1413
2778
7003
3077
1737
79983
22999
80311
1376
204
4329
4351
9993
5199
54386
283
7443
51004
23742
9420
115908
5274
51501
10329
335
9871
5657
2521
7780
4625
93
64374
102
2257
6945
80210
4359
5917
26011
183
83706
11311
4353
1428
778
9509
275
2542
29957
1399
6708
186
7862
84987
5307
79734
1968
10743
79797
1634
55213
11285
1409
9126
24148
91179
22827
23461
203228
2202
6916
4810
7092
128866
582
1230
26146
2157
4926
977
220136
10059
3559
27077
974
11043
368
6658
7809
2244
805,808,801
790955
27241
5309
347688
23314
2904
6134
7846
19
659
3785
121391
3054
3045
4036
1287
6440
83893
6234
8573
81
2274
2353
4126
8929
1439
5325
5551
83861
23590
54209
51091
3190
9094
3350
6663
3931
10075
10371
2301
1509
5159
29958
10382
10564
2632
1786
11224
204219
139285
27032
286676
10686
253827
2214
5896
80326
89781
347733
6314
78989
6772
3752
79796
7056
4893
7372
283652
3777
5447
10653
2009
7552
84126
56922
111
3753
7293
57449
190
8738
317719
23094
10210
9132
83879
3082
2859
7531
3909
5994
4620
3868
340719
83999
215
18
79581
2316
83737
3718
57728
23586
79816
83394
3621
2779
3248
2617
55704
7369
80331
81620
8302
64131
54795
4338
2182
3273
10466
3032
54903
1174
5521
57545
6654
1747
80308
65260
2155
861
84343
343637
25894
84693
4128
6843
1654
124512
22926
440
51099
5813
2074
3955
4693
6862
